# Created by Octave 2.0.16, Sat Feb 16 17:04:18 2002 <adrian@adis-pinguin>
# name: m
# type: scalar
1
# name: Is
# type: range
# base, limit, increment
0 1 0.01
# name: id
# type: range
# base, limit, increment
0 0.1 0.001
# name: is
# type: scalar
1e-13
# name: rb
# type: scalar
0.1
# name: ud
# type: matrix
# rows: 1
# columns: 101
 0 0.598772124181052 0.61689395087431 0.627536043684689 0.635115777568219 0.641017509902258 0.645857870378815 0.649965788054261 0.653537604262453 0.656699963189482 0.659539336596557 0.662117401271446 0.664479697073156 0.666660807472652 0.668687614748634 0.670581429407283 0.672359430956849 0.674035671124066 0.675621789883897 0.677127537636916 0.678561163290986 0.679929707559385 0.681239227965886 0.682494973792723 0.683701523767607 0.684862895625129 0.68598263416711 0.687063882694661 0.6881094414431 0.68912181575819 0.690103256101754 0.69105579149515 0.691981257651326 0.692881320776659 0.693757497818549 0.694611173777251 0.695443616578383 0.696255989907272 0.697049364331406 0.697824726977889 0.698582989985479 0.699324997912827 0.700051534253881 0.700763327186545 0.701461054660386 0.702145348912538 0.702816800487225 0.703475961822969 0.704123350462111 0.704759451929381 0.705384722319636 0.705999590629335 0.706604460861619 0.707199713930856 0.707785709389171 0.708362786994543 0.708931268137612 0.709491457142196 0.710043642452704 0.710588097720045 0.71112508279627 0.711654844647001 0.712177618189666 0.712693627064673 0.713203084345844 0.713706193195778 0.714203147471178 0.714694132282656 0.715179324513069 0.715658893298018 0.716133000471772 0.716601800981563 0.717065443272905 0.717524069648346 0.717977816601795 0.71842681513043 0.718871191025931 0.719311065146681 0.719746553672415 0.720177768342627 0.720604816680005 0.721027802199967 0.721446824607354 0.721861979981195 0.722273360948409 0.722681056847231 0.723085153881073 0.723485735263501 0.723882881354915 0.724276669791517 0.724667175607068 0.725054471347919 0.725438627181755 0.725819711000464 0.7261977885175 0.726572923360093 0.726945177156643 0.727314609619567 0.727681278623913 0.728045240281977 0.728406549014168
# name: ut
# type: scalar
0.026
