# Created by Octave 2.0.17, Sun Jan 12 21:46:18 2003 <adrian@Adis-Pinguin>
# name: C
# type: scalar
1e-06
# name: L
# type: scalar
0.001
# name: R
# type: scalar
1000
# name: T
# type: scalar
0.001
# name: t
# type: range
# base, limit, increment
0 0.005 5e-05
# name: wn
# type: scalar
62832.2200784296
# name: y1
# type: matrix
# rows: 1
# columns: 101
 0 0.048770575499286 0.0951625819640405 0.139292023574942 0.181269246922018 0.221199216928595 0.259181779318282 0.295311910281287 0.329679953964361 0.362371848378227 0.393469340287367 0.423050189619513 0.451188363905974 0.477954223238984 0.50341469620859 0.527633447258985 0.550671035882778 0.572585068051273 0.593430340259401 0.613258976545499 0.632120558828558 0.650062250888845 0.667128916301921 0.683363230620947 0.698805788087798 0.71349520313981 0.727468206965987 0.740759739354109 0.753403036058394 0.765429711906202 0.77686983985157 0.787752026173257 0.798103482005345 0.807950091379246 0.817316475947265 0.826226056549555 0.834701111778413 0.842762833686372 0.850431380777365 0.857725928413486 0.864664716763387 0.871265096412196 0.877543571747018 0.883515842226503 0.889196841637666 0.894600775438136 0.899741156277196 0.90463083778445 0.909282046710588 0.913706413500629 0.917915001376101 0.921918333998847 0.925726421785666 0.92934878693957 0.93279448726025 0.936072138793292 0.939189937374782 0.942155679125162 0.944976779943593 0.947660294051568 0.950212931632136 0.952641075608859 0.954950797606442 0.95714787313296 0.959237796021634 0.961225792168278 0.96311683259876 0.964915645899155 0.966626730039674 0.968254363621932 0.969802616577682 0.971275360345761 0.972676277552707 0.974008871221245 0.975276473529661 0.976482254143991 0.977629228143834 0.978720263561623 0.979758088554196 0.980745298224613 0.981684361111266 0.982577625360507 0.983427324598239 0.984235583515146 0.985004423179522 0.985735766091001 0.986431440987799 0.98709318741952 0.987722660096932 0.988321433029605 0.988891003461758 0.989432795616147 0.989948164255366 0.990438398069457 0.990904722898304 0.991348304796879 0.99177025295098 0.992171622450774 0.992553416929076 0.992916591070948 0.993262053000915
# name: y2
# type: matrix
# rows: 1
# columns: 101
 1.11022302462516e-16 0.046589824082498 0.173355512159643 0.357606142372401 0.574586047713284 0.8000127208878 1.012218198821 1.19375450602476 1.33239187355826 1.42150357650262 1.45988784718195 1.45112146316517 1.40256900318533 1.32418579281417 1.22725209009154 1.12316315198562 1.02237738148509 0.93359614989968 0.863217578417839 0.815075770107616 0.790449435330664 0.788301602161267 0.805696433717211 0.838330593921561 0.881114904602979 0.928746415835183 0.976220223399084 1.01924290165324 1.05452367474982 1.0799338886623 1.09453863258547 1.09851544387939 1.09298321467987 1.07976936084022 1.06114501722726 1.03955678392326 1.01737988816782 0.996712216698806 0.979222248133726 0.966057200567079 0.957811356313256 0.954549060894986 0.955872689971691 0.961023142305094 0.968999193284453 0.978682232591625 0.988954297323005 0.998799605188756 1.00738265667911 1.01409907042833 1.01859832886474 1.02078027922916 1.02076936368871 1.01887202320071 1.01552349089887 1.01123028946406 1.00651425789771 1.00186298265809 0.997690246917033 0.99430869767477 0.991915513455541 0.990590564520243 0.990305492725727 0.9909413646474 0.992312099100375 0.994190735158287 0.996335757235279 0.998515076319751 1.00052581393329 1.00220867509009 1.00345635745675 1.00421606302553 1.00448670546145 1.00431180582714 1.00376932304209 1.00295977045973 1.00199393750128 1.00098138746849 1.00002066897418 0.999191892083095 0.998552014610173 0.998132889550854 0.997941866529192 0.997964536837593 0.99816907395748 0.99851155276766 0.998941627598324 0.999408003008456 0.999863228862256 1.00026747794952 1.00059110448596 1.00081592073816 1.00093525428245 1.00095295054066 1.00088155817746 1.0007399761282 1.00055085113434 1.00033799710399 1.00012406783893 0.999928659386389 0.999766954669565
# name: y3
# type: matrix
# rows: 1
# columns: 101
 0 0.0417242340693269 0.140851619981179 0.267159542198026 0.400223216934546 0.527133960136823 0.640536247566138 0.737009346294769 0.815782609644593 0.877752115931915 0.924755834278373 0.959061432301695 0.983022514138887 0.998863498185099 1.00855909061435 1.01378041884737 1.01588574590613 1.01593893975862 1.01474335413831 1.0128824469011 1.01076135588791 1.00864585276521 1.00669670573645 1.00499861047648 1.00358359784454 1.00244928839112 1.00157261505935 1.00091974008493 1.00045289961678 1.00013485763379 0.999931566720598 0.999813536276955 0.999756311346272 0.999740375121235 0.999750709402269 0.999776181453816 0.999808872798837 0.999843424503083 0.999876442896661 0.999905987732657 0.999931149775832 0.999951715173685 0.9999679083187 0.999980202126402 0.999989183818318 0.999995464709714 0.999999623637039 1.00000217514693 1.00000355515441 1.00000411830147 1.00000414261586 1.00000383823867 1.00000335794751 1.00000280795817 1.00000225806293 1.0000017505857 1.0000013079296 1.00000093868931 1.00000064242222 1.00000041323844 1.0000002423978 1.00000012010471 1.00000003667798 0.999999983251643 0.999999952137133 0.999999936952324 0.999999932599122 0.999999935150969 0.999999941694359 0.999999950154676 0.999999959125931 0.999999967715988 0.999999975413106 0.999999981975684 0.999999987344585 0.999999991575892 0.999999994791257 0.999999997142728 0.999999998789076 0.999999999880919 1.00000000055233 1.00000000091701 1.00000000106756 1.00000000107663 1.0000000009992 1.00000000087526 1.00000000073266 1.00000000058973 1.00000000045761 1.00000000034222 1.00000000024587 1.00000000016849 1.00000000010858 1.00000000006388 1.00000000003184 1.00000000000996 0.99999999999592 0.999999999987718 0.99999999998369 0.999999999982503 0.999999999983131
# name: xi
# type: scalar
0.795770067293311
