# Created by Octave 2.0.16, Tue Mar 19 12:48:12 2002 <adrian@adis-pinguin>
# name: t
# type: range
# base, limit, increment
0 6.28318530717959 0.01
# name: u
# type: matrix
# rows: 3
# columns: 629
 0 0.00999983333416666 0.0199986666933331 0.0299955002024957 0.0399893341866342 0.0499791692706783 0.0599640064794446 0.0699428473375328 0.0799146939691727 0.089878549198011 0.0998334166468282 0.109778300837175 0.119712207288919 0.129634142619695 0.139543114644236 0.149438132473599 0.159318206614246 0.169182349066996 0.179029573425824 0.188858894976501 0.198669330795061 0.2084598998461 0.218229623080869 0.227977523535188 0.237702626427135 0.247403959254523 0.257080551892155 0.266731436688831 0.276355648564114 0.285952225104836 0.29552020666134 0.305058636443443 0.314566560616118 0.324043028394868 0.333487092140814 0.342897807455451 0.35227423327509 0.361615431964962 0.370920469412983 0.380188415123161 0.389418342308651 0.398609327984423 0.40776045305957 0.416870802429211 0.425939465066 0.43496553411123 0.44394810696552 0.452886285379068 0.461779175541483 0.470625888171158 0.479425538604203 0.488177246882907 0.496880137843737 0.505533341204847 0.514135991653113 0.522687228930659 0.531186197920883 0.539632048733969 0.548023936791874 0.556361022912784 0.564642473395035 0.572867460100481 0.581035160537305 0.58914475794227 0.597195441362392 0.60518640573604 0.613116851973434 0.62098598703656 0.628793024018469 0.636537182221968 0.644217687237691 0.651833771021537 0.659384671971473 0.666869635003698 0.674287911628145 0.681638760023334 0.688921445110551 0.696135238627357 0.70327941920041 0.710353272417608 0.717356090899523 0.724287174370143 0.731145829726896 0.737931371109963 0.744643119970859 0.751280405140293 0.757842562895277 0.764328937025505 0.770738878898969 0.777071747526824 0.783326909627483 0.78950373968995 0.795601620036366 0.801619940883777 0.807558100405114 0.813415504789374 0.819191568300998 0.82488571333845 0.83049737049197 0.836025978600521 0.841470984807897 0.846831844618015 0.852108021949363 0.857298989188603 0.862404227243338 0.867423225594017 0.872355482344986 0.877200504274682 0.881957806884948 0.886626914449487 0.891207360061435 0.895698685680048 0.900100442176505 0.904412189378826 0.908633496115883 0.912763940260521 0.916803108771767 0.920750597736136 0.92460601240802 0.928368967249167 0.932039085967226 0.935616001553386 0.939099356319068 0.942488801931697 0.945783999449539 0.948984619355586 0.952090341590516 0.955100855584692 0.958015860289225 0.960835064206073 0.963558185417193 0.966184951612734 0.968715100118265 0.971148377921045 0.973484541695319 0.975723357826659 0.977864602435316 0.979908061398614 0.98185353037236 0.983700814811277 0.98544972998846 0.98710010101385 0.98865176285172 0.990104560337178 0.991458348191686 0.992712991037588 0.993868363411645 0.994924349777581 0.99588084453764 0.996737752043143 0.997494986604054 0.998152472497548 0.998710143975583 0.999167945271476 0.999525830605479 0.999783764189357 0.999941720229966 0.999999682931835 0.99995764649874 0.999815615134291 0.999573603041505 0.999231634421391 0.998789743470524 0.998247974377632 0.997606381319174 0.996865028453919 0.996023989916537 0.99508334981018 0.994043202198076 0.992903651094118 0.991664810452469 0.990326804156158 0.988889766004701 0.987353839700716 0.985719178835553 0.983985946873937 0.982154317137618 0.980224472788045 0.978196606808045 0.976070921982524 0.973847630878195 0.971526955822315 0.969109128880456 0.966594391833298 0.963982996152448 0.9612752029753 0.958471283078914 0.955571516852944 0.952576194271595 0.94948561486463 0.946300087687414 0.94301993129001 0.939645473685325 0.936177052316306 0.9326150140222 0.928959715003869 0.925211520788168 0.921370806191395 0.91743795528181 0.913413361341225 0.909297426825682 0.905090563325201 0.900793191522627 0.89640574115156 0.89192865095338 0.887362368633375 0.882707350815974 0.877964062999078 0.873132979507516 0.868214583445613 0.863209366648874 0.858117829634809 0.852940481552876 0.84767784013357 0.842330431636646 0.836898790798498 0.831383460778683 0.825784993105608 0.820103947621374 0.814340892425796 0.80849640381959 0.802571066246747 0.796565472236087 0.790480222342005 0.78431592508442 0.778073196887921 0.771752662020126 0.765354952529254 0.758880708180922 0.752330576394171 0.74570521217672 0.739005278059471 0.732231444030251 0.72538438746682 0.718464793069126 0.711473352790844 0.704410765770176 0.697277738259938 0.690074983556936 0.68280322193064 0.675463180551151 0.668055593416491 0.660581201279201 0.653040751572265 0.645434998334371 0.637764702134504 0.630030629995892 0.622233555319305 0.614374257805712 0.606453523378315 0.598472144103957 0.590430918113913 0.582330649524082 0.574172148354572 0.565956230448703 0.557683717391417 0.549355436427127 0.540972220376989 0.532534907555621 0.524044341687276 0.515501371821464 0.506906852248053 0.498261642411839 0.4895666068266 0.480822614988648 0.472030541289883 0.463191264930345 0.454305669830306 0.445374644541871 0.436399082160126 0.42737988023383 0.418317940675659 0.409214169672017 0.40006947759242 0.390884778898452 0.381660992052332 0.372399039425055 0.363099847204168 0.353764345301143 0.34439346725839 0.334988150155905 0.32554933451756 0.316077964217054 0.306574986383523 0.297041351306832 0.287478012342544 0.277885925816587 0.268266050929618 0.258619349661111 0.248946786673153 0.239249329213982 0.229527947021264 0.219783612225117 0.210017299250899 0.200229984721771 0.190422647361027 0.180596267894233 0.170751828951145 0.160890314967456 0.151012712086344 0.141120008059867 0.131213192150184 0.12129325503063 0.11136118868665 0.101417986316602 0.0914646422324367 0.0815021517602691 0.0715315111408433 0.0615537174299131 0.0515697683985346 0.0415806624332905 0.0315873984364539 0.021590975726096 0.0115923939361583 0.00159265291648683 -0.00840724736714862 -0.0184063069330538 -0.0284035258836038 -0.0383979045052354 -0.0483884433684141 -0.0583741434275801 -0.0683540061210478 -0.0783270334708653 -0.0882922281826076 -0.0982485937451087 -0.108195134530108 -0.118130855891818 -0.12805476426638 -0.137965867271227 -0.147863173804319 -0.157745694143249 -0.167612440044218 -0.177462424840861 -0.187294663542903 -0.19710817293467 -0.2069019716734 -0.21667508038738 -0.226426521773883 -0.236155320696897 -0.245860504284637 -0.255541102026831 -0.265196145871773 -0.274824670323124 -0.284425712536463 -0.293998312415568 -0.303541512708429 -0.31305435910297 -0.322535900322479 -0.331985188220734 -0.341401277876821 -0.35078322768962 -0.360130099471969 -0.369440958544477 -0.378714873828998 -0.38795091794173 -0.39714816728596 -0.406305702144417 -0.415422606771246 -0.424497969483583 -0.433530882752718 -0.442520443294852 -0.451465752161423 -0.460365914828998 -0.469220041288727 -0.478027246135343 -0.486786648655699 -0.495497372916845 -0.504158547853611 -0.512769307355724 -0.521328790354406 -0.529836140908493 -0.538290508290018 -0.546691047069287 -0.555036917199424 -0.56332728410037 -0.571561318742344 -0.579738197728743 -0.587857103378483 -0.595917223807764 -0.603917753011261 -0.611857890942719 -0.619736843594963 -0.627553823079294 -0.635308047704276 -0.642998742053909 -0.650625137065167 -0.658186470104905 -0.665681985046119 -0.673110932343562 -0.680472569108694 -0.687766159183974 -0.694990973216472 -0.702146288730805 -0.709231390201386 -0.716245569123971 -0.723188124086512 -0.7300583608393 -0.736855592364383 -0.743579138944275 -0.750228328229919 -0.756802495307928 -0.763300982767073 -0.769723140764024 -0.776068327088332 -0.782335907226653 -0.788525254426195 -0.794635749757397 -0.800666782175818 -0.806617748583241 -0.812488053887984 -0.81827711106441 -0.823984341211626 -0.829609173611371 -0.835151045785093 -0.840609403550195 -0.845983701075447 -0.851273400935574 -0.856477974165001 -0.861596900310741 -0.866629667484444 -0.871575772413588 -0.876434720491801 -0.881206025828325 -0.885889211296603 -0.890483808581989 -0.894989358228583 -0.899405409685178 -0.903731521350306 -0.907967260616405 