# Created by Octave 2.0.16, Tue Mar  5 18:02:31 2002 <adrian@adis-pinguin>
# name: D
# type: scalar
0.8
# name: t
# type: range
# base, limit, increment
0 6 0.01
# name: y
# type: matrix
# rows: 3
# columns: 601
 1 0.939101367424293 0.881911378298176 0.82820418130686 0.777767679171789 0.730402691048646 0.685922165934166 0.644150443975408 0.604922562764271 0.568083605877734 0.533488091091103 0.500999395848231 0.470489217719818 0.441837067719067 0.414929794473715 0.389661137375347 0.365931306941293 0.343646590731927 0.322718983267049 0.303065838479863 0.284609543336029 0.267277211328869 0.251000394640292 0.235714813830735 0.221360103990606 0.207879576350762 0.195219994410583 0.183331363699541 0.172166734342 0.161682015645547 0.151835801980649 0.142589209263991 0.133905721399763 0.125751046072454 0.118092979321677 0.110901278364195 0.104147542160918 0.0978050992571971 0.0918489024535025 0.0862554298905047 0.0810025921579431 0.0760696450604367 0.0714371076957367 0.0670866855219028 0.0630011981095824 0.0591645112940776 0.0555614734592583 0.052177855701698 0.049000295638732 0.0460162446385278 0.0432139182637723 0.0405822497332701 0.0381108462176681 0.0357899477967091 0.0336103889159335 0.0315635621906155 0.0296413844139887 0.0278362646355259 0.0261410741832069 0.0245491185113894 0.0230541107631068 0.0216501469423847 0.0203316825985304 0.0190935109303166 0.017930742223591 0.0168387845411068 0.0158133255883164 0.0148503156835135 0.0139459517650699 0.0130966623726104 0.0122990935428127 0.0115500955641347 0.0108467105381602 0.0101861606984417 0.00956583744071018 0.00898329102112943 0.00843622088191302 0.00792246656609789 0.00743999918559577 0.0069869134088286 0.00656141993630607 0.00616183843443004 0.00578659089962082 0.00543419542655888 0.00510326035593228 0.00479247877857819 0.00450062337431468 0.00422654156508065 0.00396915096324285 0.00372743509709481 0.00350043939666703 0.00328726742399588 0.00308707733296386 0.0028990785447309 0.00272252862562722 0.0025567303551783 0.00240102897268314 0.00225480959147208 0.00211749477063284 0.00198854223461509 0.00186744273170799 0.00175371802293353 0.0016469189934135 0.00154662387875166 0.00145243659942675 0.00136398519661875 0.00128092036329116 0.00120291406472835 0.00112965824308031 0.00106086360079884 0.00099625845816085 0.000935587680366872 0.000878611669977851 0.000825105420711141 0.000774857628859029 0.000727669858820659 0.000683355759451924 0.000641740328138568 0.000602659219686243 0.000565958097298208 0.000531492023077598 0.000499124885647276 0.00046872886262685 0.000440183915844109 0.000413377317287382 0.000388203203926766 0.000364562159646118 0.000342360822634822 0.000321511516688867 0.000301931904965174 0.000283544664821816 0.000266277182460031 0.000250061266162102 0.00023483287699268 0.000220531875900007 0.000207101786218341 0.000194489570633657 0.000182645421731831 0.000171522565302149 0.000161077075619371 0.000151267701974857 0.000142055705771719 0.000133404707540644 0.000125280543272257 0.000117651129498635 0.00011048633659118 0.000103757869774478 9.74391573862442e-05 9.15052459420927e-05 8.59327015907155e-05 8.06995175703046e-05 7.57850273007538e-05 7.11698227684253e-05 6.68356778811727e-05 6.27654764909388e-05 5.8943144799678e-05 5.53535878816657e-05 5.19826300715129e-05 4.8816958982469e-05 4.58440729339322e-05 4.30522315805548e-05 4.04304095479662e-05 3.79682528920193e-05 3.56560382096067e-05 3.34846342395745e-05 3.14454658020867e-05 2.95304799340334e-05 2.77321140867465e-05 2.60432662604301e-05 2.44572669573648e-05 2.29678528431223e-05 2.15691420117761e-05 2.02556107574277e-05 1.90220717603145e-05 1.78636536013544e-05 1.67757815242258e-05 1.57541593690116e-05 1.47947526060591e-05 1.38937724030542e-05 1.30476606623901e-05 1.22530759697387e-05 1.15068803983353e-05 1.08061271168645e-05 1.01480487520082e-05 9.53004645969926e-06 8.94967966192062e-06 8.40465640851902e-06 7.89282432597156e-06 7.41216211735962e-06 6.96077157998296e-06 6.53687010909015e-06 6.13878365812154e-06 5.76494012766385e-06 5.4138631570083e-06 5.08416629379449e-06 4.7745475187149e-06 4.48378410365743e-06 4.21072778298e-06 3.95430021884797e-06 3.71348874272631e-06 3.487342356209e-06 3.27496797539252e-06 3.07552690396189e-06 2.88823152106081e-06 2.71234217086615e-06 2.54716424158298e-06 2.39204542232483e-06 2.24637312704627e-06 2.10957207535434e-06 1.98110202064536e-06 1.86045561659509e-06 1.74715641357665e-06 1.64075697709396e-06 1.54083712079989e-06 1.44700224712128e-06 1.35888178893762e-06 1.27612774615929e-06 1.19841331142627e-06 1.12543157949988e-06 1.05689433525082e-06 9.92530915457033e-07 9.32087139916587e-07 8.75324307654264e-07 8.22018254257841e-07 7.71958466621268e-07 7.24947251598794e-07 6.80798955286909e-07 6.39339229850968e-07 6.00404345001037e-07 5.63840541397961e-07 5.29503423436078e-07 4.97257389004666e-07 4.66975093976115e-07 4.38536949306057e-07 4.11830648759397e-07 3.86750725397182e-07 3.63198135072831e-07 3.41079865292848e-07 3.20308567897408e-07 3.00802214110172e-07 2.82483770595118e-07 2.65280895241045e-07 2.49125651472406e-07 2.33954239958204e-07 2.19706746659461e-07 2.06326906220242e-07 1.93761879767853e-07 1.81962046244692e-07 1.70880806447713e-07 1.60474399001613e-07 1.50701727539007e-07 1.41524198405084e-07 1.32905568245842e-07 1.24811800877972e-07 1.17210932875192e-07 1.1007294734017e-07 1.03369655363576e-07 9.70745847021123e-08 9.11628752358987e-08 8.56111807923627e-08 8.03975769489161e-08 7.5501474450327e-08 7.09035378988524e-08 6.65856093960325e-08 6.25306368345937e-08 5.8722606557279e-08 5.51464801166593e-08 5.17881348861913e-08 4.8634308287976e-08 4.56725454169729e-08 4.28911498548274e-08 4.02791374790686e-08 3.78261930852643e-08 3.55226296508272e-08 3.33593500795984e-08 3.13278112761367e-08 2.941999040783e-08 2.76283532216028e-08 2.59458242900885e-08 2.43657590697726e-08 2.28819176607543e-08 2.14884401645044e-08 2.01798235423012e-08 1.8950899882956e-08 1.77968159940049e-08 1.67130142357684e-08 1.56952145225919e-08 1.47393974201836e-08 1.38417882723045e-08 1.29988422941187e-08 1.22072305733396e-08 1.14638269238869e-08 1.07656955401376e-08 1.01100794030168e-08 9.49438939214127e-09 8.91619406101854e-09 8.37321003492287e-09 7.86329299352688e-09 7.38442920267896e-09 6.93472756188369e-09 6.51241213607991e-09 6.11581514222318e-09 5.743370362976e-09 5.3936069614949e-09 5.06514367288907e-09 4.75668334941061e-09 4.46700783783587e-09 4.1949731688067e-09 3.93950503913459e-09 3.69959456922619e-09 3.4742943188758e-09 3.26271454569072e-09 3.06401969137329e-09 2.87742508198361e-09 2.70219382915176e-09 2.53763392000191e-09 2.38309548429606e-09 2.23796822800508e-09 2.1016790231717e-09 1.97368964454749e-09 1.85349464406572e-09 1.74061935475572e-09 1.63461801621628e-09 1.5350720142451e-09 1.44158822767233e-09 1.35379747586985e-09 1.27135306080493e-09 1.19392939788097e-09 1.12122073015808e-09 1.05293992087592e-09 9.88817319510203e-10 9.28599696884856e-10 8.72049245134349e-10 8.18942638566993e-10 7.69070151720321e-10 7.2223483112576e-10 6.78251717511657e-10 6.3694711537307e-10 5.98157907023809e-10 5.61730908421712e-10 5.2752226422332e-10 4.95396879678879e-10 4.65227887124163e-10 4.36896144962215e-10 4.10289767156419e-10 3.85303681376787e-10 3.61839214054555e-10 3.39803700706364e-10 3.19110119989181e-10 2.9967675004077e-10 2.81426845748556e-10 2.64288335672373e-10 2.48193537424217e-10 2.33078890380954e-10 2.18884704674491e-10 2.05554925468077e-10 1.93036911587869e-10 1.81281227635531e-10 1.70241448760881e-10 1.59873977323636e-10 1.50137870720187e-10 1.409946796955e-10 1.32408296501594e-10 1.24344812302968e-10 1.16772383265834e-10 1.09661104802339e-10 1.02982893473135e-10 9.67113760819309e-11 9.08217855240264e-11 8.52908629775291e-11 8.00967660509955e-11 7.52189825247536e-11 7.06382493452599e-11 6.63364765525919e-11 6.22966758406484e-11 5.8502893467941e-11 5.4940147254021e-11 5.15943674127431e-11 4.84523409886984e-11 4.55016596773948e-11 4.27306708231163e-11 4.01284314009459e-11 3.76846648012201e-11 3.5389720245752e-11 